True_X,True_Y,Pred_Raw_X,Pred_Raw_Y,Pred_KF_X,Pred_KF_Y
29.688335,7.7200003,28.517923,7.5300136,28.51792335510254,7.530013561248779
29.644413,7.7200003,28.521645,7.510714,28.52090072631836,7.514572620391846
29.59882,7.7200003,28.557507,7.51232,28.548274866546812,7.510883668775499
29.575472,7.7200003,28.539791,7.519142,28.547750700244624,7.514746814814343
29.534883,7.7200003,28.675274,7.530589,28.628363827518392,7.523845856174828
29.49096,7.7200003,28.72895,7.556181,28.69834099337534,7.542369442728882
29.468166,7.7200003,28.764408,7.530702,28.75337162669058,7.540464413164367
29.419794,7.7200003,28.79899,7.534844,28.799959064693734,7.540787507894894
29.380318,7.7200003,28.754036,7.5642886,28.810109817885625,7.552486997713622
29.358635,7.7200003,28.683264,7.5364103,28.788820997904455,7.550015256807954
29.313046,7.7200003,28.703346,7.537363,28.778645307636953,7.548322260794625
29.269121,7.7200003,28.751741,7.5348277,28.785230852997778,7.546045170583452
29.246883,7.7200003,28.89681,7.55229,28.833368449062522,7.549505442732843
29.202957,7.7200003,28.894064,7.553398,28.868392459695542,7.552355164513789
29.15848,7.7200003,28.860228,7.586374,28.88457963621782,7.563822473147515
29.136238,7.7200003,28.89405,7.582282,28.90488709305546,7.571688768184233
29.091204,7.7200003,28.917421,7.587046,28.925669187598526,7.579061752673536
29.04728,7.7200003,28.877401,7.608889,28.929843241517595,7.590594169151445
29.025042,7.7200003,28.840908,7.576188,28.921349850122077,7.591016836207616
28.977781,7.7200003,28.887285,7.596002,28.924423615584065,7.596021046593246
28.935528,7.7200003,28.875599,7.6110344,28.922242815568765,7.603660850777702
28.909952,7.7200003,28.889277,7.5891376,28.922469405496567,7.603832739763473
28.86603,7.7200003,28.918177,7.605637,28.92894479406394,7.607722360162585
28.823774,7.7200003,28.817305,7.6234045,28.906924681919165,7.615163124261508
28.802649,7.7200003,28.82398,7.58597,28.888974181040453,7.611183407840955
28.753162,7.7200003,28.867826,7.585166,28.884686326647593,7.607065392818914
28.723694,7.7200003,28.845213,7.619937,28.874957901479387,7.612274200751042
28.691448,7.7200003,28.82309,7.6076694,28.860843715965615,7.61320792912467
28.645857,7.7200003,28.906492,7.6067367,28.87077643194262,7.6134404971807195
28.60972,7.7200003,28.968292,7.599146,28.895645365835662,7.611369529166528
28.579695,7.7200003,28.908552,7.639203,28.901185424727693,7.619843663738962
28.53466,7.7200003,28.839176,7.6034327,28.88742174166005,7.6174942393151195
28.50686,7.7200003,28.881844,7.609578,28.886556701023604,7.616825197946615
28.46794,7.7200003,28.864399,7.653321,28.881176343368498,7.627487633652993
28.424019,7.7200003,28.919174,7.622409,28.890876039027056,7.628275174922618
28.397331,7.7200003,28.913336,7.61099,28.89760166515165,7.625646696085645
28.352852,7.7200003,28.900461,7.66711,28.899808853298943,7.637810493598613
28.31282,7.7200003,28.881111,7.619714,28.896406726700956,7.63553310499759
28.28669,7.7200003,28.848335,7.616371,28.88473961903142,7.63236937912894
28.246658,7.7200003,28.831024,7.663841,28.870198369334727,7.641824232089482
28.202179,7.7200003,28.812347,7.6286902,28.853070743331298,7.640467416185753
28.177158,7.7200003,28.585014,7.6270533,28.779440320848742,7.63858474434206
28.128792,7.7200003,28.619333,7.6326146,28.726549992708378,7.638204374062924
28.08987,7.7200003,28.518423,7.6743073,28.656988817244578,7.648604980973676
28.06763,7.7200003,28.531736,7.6462116,28.603761080337662,7.649932450333714
28.019258,7.7200003,28.393795,7.6251326,28.525625158800015,7.64526096681488
27.978672,7.7200003,28.420065,7.6352615,28.469708692424902,7.643683930196572
27.95532,7.7200003,28.269423,7.6574955,28.38712754549225,7.648006168983209
27.90695,7.7200003,28.084486,7.6204815,28.273271778492354,7.641889924321669
27.867476,7.7200003,28.111946,7.6334443,28.189092738919783,7.639937136598695
27.822996,7.7200003,28.06446,7.6581893,28.111538393464258,7.6447122457446754
27.757946,7.7200003,28.03542,7.6027117,28.044853453054696,7.634258328334099
27.734594,7.7200003,28.059942,7.6182065,28.001643010386942,7.629373585940766
27.689558,7.7200003,27.993338,7.652694,27.954559282298156,7.63434960554018
27.636183,7.7200003,27.980097,7.5973926,27.917810855515953,7.624277168413859
27.59782,7.7200003,27.99234,7.5961876,27.896260386710093,7.615488912175751
27.578917,7.7200003,27.918604,7.585958,27.86476409381135,7.605582105702911
27.534437,7.7200003,27.932173,7.5927763,27.847114927423075,7.599292129946531
27.489403,7.7200003,27.889301,7.5932603,27.82614317953084,7.594522085983521
27.461603,7.7200003,27.899109,7.5872498,27.815643117646044,7.5893793430417
27.421572,7.7200003,27.890089,7.588748,27.808737970452633,7.585890360443314
27.377092,7.7200003,27.893711,7.584449,27.807710884145678,7.582299471909523
27.353184,7.7200003,27.855494,7.593201,27.800269569101914,7.582017091922991
27.31204,7.7200003,27.873888,7.6107674,27.801702992087165,7.586829296091324
27.26701,7.7200003,27.896439,7.590863,27.811429852473445,7.586101974974058
27.242542,7.7200003,27.835482,7.5772567,27.805950908052736,7.582191677404319
27.198622,7.7200003,27.78033,7.5906754,27.788625238774237,7.582620616460811
27.153584,7.7200003,27.686789,7.5826187,27.751061642789836,7.581141443568631
27.131346,7.7200003,27.658993,7.5481777,27.713580477223495,7.5711044980013815
27.087421,7.7200003,27.534088,7.5945163,27.651153124629,7.574920050767733
27.04239,7.7200003,27.343645,7.5896807,27.550769475915533,7.577227822633563
27.02293,7.7200003,27.314444,7.538392,27.461028271977142,7.5660068468255215
26.979006,7.7200003,27.25444,7.5581565,27.37342497518107,7.561822494027505
26.933971,7.7200003,27.120512,7.567288,27.269141410213024,7.5609773082743414
26.905617,7.7200003,27.087793,7.5820646,27.177848619626122,7.5644574475868
26.862803,7.7200003,27.02368,7.5839586,27.090197754777442,7.568199793512686
26.813877,7.7200003,26.986856,7.5842447,27.013273985917767,7.5716445535927805
26.799976,7.7200003,27.013853,7.587597,26.96249437184709,7.5755494102959995
26.75661,7.7200003,27.021313,7.609691,26.92890955897571,7.584671107276812
26.710466,7.7200003,26.959955,7.5696354,26.891617949006644,7.581901969097502
26.687113,7.7200003,26.95203,7.589269,26.864627865505856,7.584516343502036
26.643745,7.7200003,26.897434,7.5986404,26.833782373014433,7.589079309130451
26.596489,7.7200003,26.743008,7.654308,26.77308554012642,7.607365877172545
26.575914,7.7200003,26.603745,7.702507,26.690699382222064,7.635274334025116
26.533104,7.7200003,26.62948,7.670699,26.63322867900777,7.650160090208344
26.485289,7.7200003,26.687298,7.6664453,26.605744399754094,7.660833149391268
26.467497,7.7200003,26.694931,7.650709,26.590572616297816,7.664819894723899
26.42135,7.7200003,26.812204,7.6654863,26.614026371394228,7.671084358762299
26.372423,7.7200003,26.859055,7.646399,26.651211879861492,7.670507986636951
26.35352,7.7200003,26.782564,7.6303015,26.66667683056755,7.664948520587995
26.298477,7.7200003,26.722845,7.6164236,26.66694668587452,7.655883362309707
26.26623,7.7200003,26.736904,7.647128,26.672968835961598,7.655695317856494
26.244545,7.7200003,26.663893,7.604419,26.66079301174673,7.644065193187022
26.200068,7.7200003,26.438026,7.6360226,26.59288844376411,7.642210288617226
26.15559,7.7200003,26.371475,7.6331306,26.519385349102198,7.639846505992137
26.1289,7.7200003,26.164557,7.6355004,26.40532913463576,7.638461731173033
26.084421,7.7200003,26.027348,7.6607237,26.275967710360174,7.6439171296834685
26.043278,7.7200003,26.026789,7.67982,26.17071287833037,7.653583560582668
26.022152,7.7200003,25.987722,7.699245,26.077224553413572,7.666808783254888
25.969887,7.7200003,26.00479,7.685731,26.00918970972608,7.674292421962628
25.950983,7.7200003,26.007372,7.7593017,25.959441549430895,7.699487529422366
25.910954,7.7200003,25.983173,7.706481,25.91821300491741,7.706592252978744
25.865917,7.7200003,25.877659,7.7475033,25.862680152664847,7.72255703841935
25.841454,7.7200003,25.812126,7.7849245,25.805109566350897,7.7450882777499235
25.796976,7.7200003,25.782642,7.797567,25.75514913381155,7.766566202913809
25.750828,7.7200003,25.674314,7.7514877,25.690991128078235,7.771579656545755
25.730257,7.7200003,25.661642,7.781268,25.63964787108028,7.782293687079637
25.68522,7.7200003,25.682352,7.7951336,25.607981050065188,7.793791926314407
25.644634,7.7200003,25.66578,7.8482747,25.58311750305769,7.816225074837429
25.62184,7.7200003,25.706709,7.8199105,25.578626161861354,7.826614220520166
25.575136,7.7200003,25.699646,7.825204,25.578385689198978,7.835413927030663
25.532326,7.7200003,25.736355,7.792846,25.592462617376754,7.833064742115484
25.510641,7.7200003,25.760216,7.818215,25.614627183511182,7.836413780773378
25.449484,7.7200003,25.765505,7.8355613,25.63797714618225,7.842721530319506
25.42224,7.7200003,25.8228,7.828758,25.67510019704471,7.845327450021291
25.4,7.7200003,25.897781,7.748167,25.727794510414544,7.825553108691934
25.4,7.7200003,25.680157,7.818486,25.716374678860383,7.826350268775023
25.4,7.741195,25.479584,7.918659,25.654127724815023,7.85281698467983
25.4,7.7662454,25.525093,7.9661145,25.61333409790669,7.887299747958955
25.4,7.8120093,25.55658,8.013703,25.58803923906886,7.928237071925732
25.4,7.8365774,25.500736,8.114372,25.553551376360705,7.98807016394696
25.4,7.863554,25.502707,8.168906,25.52656184496188,8.051372836830849
25.4,7.907872,25.478231,8.234358,25.499312564070813,8.119754611116052
25.4,7.9314766,25.380386,8.308449,25.4528028458146,8.194033329528112
25.4,7.9603806,25.288614,8.436174,25.39168045928308,8.286677994877495
25.4,8.003254,25.259346,8.40593,25.334921710017266,8.35295155921579
25.4,8.02734,25.213778,8.462932,25.278182731371903,8.418838268879348
25.4,8.056244,25.141607,8.560358,25.21493534006324,8.494662620045899
25.4,8.099117,25.114702,8.560651,25.158367582161194,8.553271887441458
25.4,8.132838,25.078615,8.551652,25.10547414121888,8.594495422355331
25.4,8.171858,25.065485,8.627695,25.061940460905298,8.643172319911075
25.4,8.210396,25.126743,8.550295,25.045930343667894,8.658304162540434
25.4,8.249415,25.1251,8.561897,25.036780868832455,8.668362177851067
25.4,8.289399,25.124088,8.524089,25.03315298123126,8.661818278553435
25.4,8.32601,25.203678,8.54405,25.05476915855767,8.656907788912635
25.4,8.364548,25.255484,8.491784,25.089998713672088,8.635283175863115
25.4,8.383817,25.248878,8.416663,25.1206553184374,8.59416184880989
25.4,8.422836,25.28598,8.427847,25.15792470091121,8.559888137910564
25.4,8.460893,25.339478,8.420782,25.204357144537617,8.527650360717518
25.4,8.502803,25.32792,8.502656,25.240827623081845,8.521128046913978
25.4,8.539413,25.414291,8.460116,25.29368692397698,8.504482651276316
25.4,8.557238,25.45874,8.461679,25.34898367313181,8.490890780526358
25.4,8.596257,25.569836,8.5929985,25.423081941853198,8.514048535274155
25.4,8.636241,25.589195,8.6442375,25.48851486748458,8.547579805947422
25.4,8.653583,25.703901,8.554882,25.570695010977175,8.552709804518019
25.4,8.692602,25.739677,8.5630865,25.645867368673585,8.55872680351163
25.4,8.73114,25.790064,8.589093,25.718167591683862,8.570135666939843
25.4,8.7499275,25.57778,8.691221,25.71885525488158,8.605982576556173
25.4,8.787984,25.675056,8.751027,25.739364070760804,8.651367351931192
25.4,8.826522,25.45831,8.79229,25.69539443858055,8.699505296320337
25.4,8.847236,25.485712,8.868325,25.66096543706585,8.758500482919764
25.4,8.884329,25.419973,8.922308,25.611617687624427,8.820406856792005
25.4,8.931538,25.375593,9.008453,25.556202228506613,8.892564724257447
25.4,8.956106,25.395462,9.148819,25.513520448442836,8.987002900951047
25.4,8.980674,25.31932,9.183277,25.457556372636574,9.071984845970489
25.4,9.026919,25.285313,9.2084875,25.40201731497787,9.145623122220455
25.4,9.051005,25.29208,9.22284,25.358276357300856,9.20618340921864
25.4,9.098697,25.245405,9.271808,25.311224355723656,9.264354111200952
25.4,9.135307,25.145409,9.395773,25.24780551942598,9.34000666550304
25.4,9.17529,25.083267,9.428939,25.180784841790704,9.406698780378598
25.4,9.1940775,25.164616,9.450863,25.148792183788064,9.462545592557897
25.4,9.232615,25.173578,9.405236,25.12811135131949,9.491423345127567
25.4,9.270672,25.128538,9.408822,25.102811782179142,9.510378405321188
25.4,9.289459,25.018707,9.452811,25.056408820765217,9.531972731440908
25.4,9.32896,24.838978,9.595137,24.973711972918895,9.582077427226565
25.4,9.367017,24.828974,9.627937,24.904834747892064,9.628161667039414
25.4,9.384841,24.731398,9.606776,24.825541310025105,9.656662759380245
25.4,9.425305,24.670599,9.694144,24.747462999227857,9.698631264001238
25.4,9.4648075,24.726713,9.740997,24.701501500492725,9.741703884257847
25.4,9.482631,24.69605,9.748546,24.660507404447742,9.77546509534804
25.4,9.525504,24.796339,9.725435,24.65780353136035,9.793328279962296
25.4,9.5587435,24.979416,9.696913,24.708978048491662,9.796459081268722
25.4,9.597281,25.024988,9.699239,24.76908288610436,9.795553421254903
25.4,9.640155,25.010384,9.764425,24.819498357561653,9.808218989796934
25.4,9.677248,24.898846,9.839911,24.834924206137057,9.835619447866787
25.4,9.713859,24.9487,9.83481,24.86180476936297,9.854690582216042
25.4,9.753842,25.039621,9.840175,24.908762243060618,9.869415360601982
25.4,9.792862,25.217777,9.8389225,24.99503800612281,9.878840686286598
25.4,9.828991,25.358938,9.842006,25.104219117931326,9.885074226285258
25.4,9.847778,25.41546,9.862962,25.20942819951727,9.893500115989163
25.4,9.886798,25.39281,9.910017,25.28914044137704,9.910848002685562
25.4,9.932562,25.504242,9.958694,25.38112703499115,9.936351911150945
25.4,9.9571295,25.539368,9.972065,25.462985080978726,9.959543515034474
25.4,9.983143,25.532333,9.980502,25.524546981165,9.979360323533834
25.4,10.02987,25.597786,10.001922,25.58742498237181,9.999639887131943
25.4,10.051548,25.649708,9.996145,25.64783782928806,10.013197439898123
25.4,10.079488,25.66652,10.005111,25.696927329578262,10.024899447841877
25.4,10.125252,25.612633,10.038332,25.717935377274834,10.04146490326504
25.4,10.147893,25.545088,10.080277,25.711752777044964,10.064542991399653
25.4,10.175833,25.528484,10.081427,25.696440808057076,10.082494736011798
25.4,10.220152,25.443281,10.108886,25.656407294448,10.102890180244687
25.4,10.243275,25.482986,10.093673,25.62902181979062,10.114209819672151
25.4,10.272178,25.534008,10.082502,25.616515013179132,10.118862347837677
25.4,10.313606,25.544937,10.112854,25.606961957018832,10.128833802827335
25.4,10.336729,25.486614,10.110997,25.58227896324625,10.135099754963676
25.4,10.372858,25.372044,10.169391,25.53042695323441,10.154062807256713
25.4,10.409951,25.433317,10.124493,25.502052676931694,10.156924939728006
25.4,10.432592,25.402214,10.134925,25.470323320067397,10.160518959012686
25.4,10.465349,25.36628,10.137186,25.434877139176088,10.16278091136437
25.4,10.503887,25.308552,10.156769,25.390971073950237,10.168585887722893
25.4,10.542907,25.368652,10.122902,25.371079236515268,10.163568449459126
25.4,10.58,25.392273,10.1174555,25.362466071042466,10.156875847689792
25.4,10.58,25.258041,10.13859,25.32216825803313,10.155940661829298
25.35174,10.58,25.00445,10.224482,25.22366149634562,10.177030747582721
25.322939,10.58,25.086927,10.227303,25.164029334425507,10.195170015337307
25.24743,10.58,25.081501,10.221335,25.115600350045685,10.208244123391829
25.197615,10.58,24.980667,10.23662,25.052164742500427,10.222399098578519
25.135342,10.58,24.760506,10.329595,24.945020872093277,10.257700140543427
25.09331,10.58,24.708475,10.360071,24.845188865466174,10.29450362232106
25.041935,10.58,24.646753,10.33905,24.750062252740925,10.31871487245149
24.98044,10.58,24.560068,10.337047,24.653171054202982,10.336856474423456
24.939964,10.58,24.494377,10.398797,24.560855536720037,10.366402521609315
24.885477,10.58,24.393215,10.429598,24.463672865238298,10.397521607826484
24.821648,10.58,24.36656,10.382757,24.38221441863807,10.409498830696183
24.785063,10.58,24.22652,10.452252,24.28484417415274,10.435480509995392
24.72902,10.58,24.242393,10.435345,24.214828264569906,10.450897715956181
24.667522,10.58,24.085796,10.455819,24.123243890507293,10.467038834601873
24.627827,10.58,23.856344,10.455954,23.99418853778134,10.478565387642803
24.574114,10.58,23.692026,10.5147085,23.850619151363556,10.5015659472795
24.511845,10.58,23.674368,10.510806,23.7338609404887,10.51804056873246
24.476818,10.58,23.45113,10.5131445,23.586987646844346,10.530542637199524
24.419992,10.58,23.580154,10.505063,23.50699829598589,10.536996509458321
24.350716,10.58,23.639439,10.384105,23.46621981307178,10.508923894580972
24.321917,10.58,23.75739,10.292198,23.473582822611082,10.459370810018696
24.262756,10.58,23.524015,10.391917,23.42893773575374,10.442404515796602
24.194256,10.58,23.502146,10.338764,23.393899368790716,10.414040324424992
24.168568,10.58,23.494944,10.358974,23.37029650466906,10.395477749650574
24.107079,10.58,23.543064,10.365418,23.370229395200788,10.382047593724115
24.045582,10.58,23.360752,10.416472,23.329175707800072,10.384831181045648
24.014446,10.58,23.447285,10.321464,23.322680279518693,10.363272925673988
23.951397,10.58,23.658909,10.41267,23.37797952807174,10.369578715365533
23.889124,10.58,23.611853,10.410927,23.417325949545603,10.375437123771183
23.82685,10.58,23.421131,10.364443,23.404021017897538,10.368979946826284
23.792603,10.58,23.630314,10.243675,23.449520746399322,10.332473422789818
23.734222,10.58,23.647655,10.267381,23.49461027445942,10.30829025249372
23.671947,10.58,23.631598,10.271141,23.52960133686865,10.289837715741593
23.638475,10.58,23.74967,10.23658,23.590225978716603,10.26645658163623
23.57854,10.58,23.72928,10.268097,23.635805947597095,10.256274719281196
23.515491,10.58,23.652966,10.274589,23.653121514329936,10.25090486684957
23.431423,10.58,23.521595,10.336712,23.631572059051596,10.264084609282492
23.398731,10.58,23.653465,10.291499,23.64589171556139,10.264794987914318
23.318556,10.58,23.590117,10.237777,23.640203869412765,10.25230578892031
23.267181,10.58,23.394499,10.235972,23.58295283266623,10.242050635218991
23.205687,10.58,23.269321,10.234311,23.500705928042958,10.233807859017197
23.167545,10.58,23.272356,10.222566,23.43185387271841,10.224669002890758
23.11072,10.58,23.252178,10.189602,23.369592387074132,10.209222680362194
23.04845,10.58,23.25452,10.2048645,23.319702148732514,10.201047979521466
23.012644,10.58,23.310558,10.195417,23.29499086345766,10.1926874291161
22.955042,10.58,23.311142,10.1859865,23.27748873991153,10.184152075753985
22.89277,10.58,23.214544,10.212093,23.240608526256977,10.184740945748308
22.860855,10.58,23.228224,10.222677,23.215940268702926,10.18899331335754
22.797806,10.58,23.235355,10.210665,23.200055004853148,10.190289536384578
22.734755,10.58,23.254745,10.245423,23.194745731814283,10.201114258530403
22.705954,10.58,23.260004,10.23473,23.19450448680074,10.208018241593694
22.629671,10.58,23.238398,10.236605,23.191196979116405,10.214634558519112
22.581411,10.58,23.155792,10.20522,23.168979211847276,10.212163829644423
22.54716,10.58,23.151243,10.221339,23.15087230920586,10.214284634041
22.48878,10.58,23.022587,10.224874,23.103887619915444,10.2170460071329
22.42651,10.58,23.123693,10.205229,23.092481661769597,10.214252413165822
22.395374,10.58,22.972805,10.254649,23.045821685498993,10.22475807588332
22.333878,10.58,22.693481,10.239486,22.93554876966431,10.22970402271904
22.270828,10.58,22.560709,10.289105,22.810091593559346,10.246701388865855
22.238134,10.58,22.332613,10.298514,22.648224630555923,10.263345354607129
22.174305,10.58,22.322947,10.32849,22.514004436541917,10.284825355924214
22.114368,10.58,22.23887,10.297786,22.38554597763455,10.294345259156612
22.084791,10.58,22.071266,10.32534,22.24121917142086,10.308710734673557
22.02174,10.58,21.907501,10.333619,22.08527995840497,10.322124640842025
21.958689,10.58,21.730946,10.357967,21.917119609964637,10.338838031650448
21.924437,10.58,21.568377,10.408179,21.743264820533344,10.365041489037376
21.86528,10.58,21.53799,10.413515,21.600183572575276,10.387449228854784
21.79211,10.58,21.577877,10.420716,21.502530400594217,10.406884606163658
21.768759,10.58,21.540007,10.448276,21.423397418131287,10.428974790706086
21.7096,10.58,21.585524,10.443118,21.381323580741768,10.444685655024452
21.648108,10.58,21.500206,10.43567,21.33579657465582,10.454283662297687
21.616192,10.58,21.535322,10.446107,21.31766480896914,10.463385510295723
21.553143,10.58,21.588192,10.414371,21.326455068378646,10.461150198474316
21.490091,10.58,21.541128,10.429668,21.330707930772327,10.461699170549632
21.458956,10.58,21.645983,10.402526,21.36934063743572,10.453779862982952
21.39357,10.58,21.782248,10.4224,21.44412236077777,10.451154488918249
21.355429,10.58,21.76897,10.405108,21.508886045007102,10.443590814898775
21.30561,10.58,21.868948,10.439682,21.59284935906929,10.445560585100285
21.243338,10.58,21.75114,10.430621,21.6346920568268,10.44442155956924
21.20364,10.58,21.7963,10.444247,21.681877584650348,10.44661096231772
21.146038,10.58,21.669746,10.4272585,21.688054198867864,10.44369731402237
21.08143,10.58,21.78878,10.45999,21.723022302708287,10.449467550907949
21.049517,10.58,21.785494,10.49231,21.750520074362708,10.462580978658549
20.988022,10.58,21.741398,10.453323,21.76065109870499,10.463220836456745
20.931978,10.58,21.618353,10.498434,21.73523664492357,10.47510270718749
20.89695,10.58,21.456377,10.529923,21.669639441977715,10.493005743445925
20.837791,10.58,21.577015,10.495263,21.644517786264437,10.498590329179562
20.775518,10.58,21.521832,10.513096,21.60894499043935,10.507248082664134
20.74127,10.58,21.518639,10.495347,21.578486395337336,10.509229253575366
20.682112,10.58,21.26339,10.498313,21.486978664583468,10.510934217013086
20.611277,10.58,21.095821,10.521759,21.366998775874638,10.517836102278162
20.587925,10.58,21.047773,10.54082,21.25539535195593,10.528066568641545
20.52643,10.58,20.896378,10.503998,21.125412122930083,10.526490008806109
20.464937,10.58,20.562967,10.523635,20.93346026051817,10.5295931253149
20.428352,10.58,20.63695,10.501727,20.796769970550365,10.52593064389311
20.369972,10.58,20.560686,10.486884,20.669729398853548,10.518415864502556
20.306921,10.58,20.648073,10.498476,20.59453821589983,10.514682663380489
20.277342,10.58,20.63598,10.452824,20.537895466033145,10.499370994168924
20.2104,10.58,20.412031,10.479505,20.44129718234936,10.493244991104905
20.15202,10.58,20.29419,10.466854,20.338022080141656,10.484885695489686
20.089748,10.58,20.042505,10.479475,20.194275614195718,10.481316511613434
20.06017,10.58,20.155743,10.485107,20.111858328594387,10.480081377453063
19.997118,10.58,19.970861,10.469109,20.00434888025596,10.475180936832169
19.934067,10.58,19.660662,10.522278,19.842579332037836,10.485223580566212
19.899818,10.58,19.50939,10.534648,19.676561231452173,10.497298711351467
19.84066,10.58,19.46893,10.540501,19.53693216878929,10.509183156284374
19.774494,10.58,19.34492,10.520324,19.398771379785394,10.51389209965383
19.741802,10.58,19.158205,10.517612,19.24585134794831,10.516908972792788
19.686535,10.58,19.048244,10.539017,19.100790004254726,10.524758419180918
19.614923,10.58,18.899315,10.513956,18.95269807219149,10.524554857953017
19.584566,10.58,18.929863,10.498361,18.849241786663942,10.519921267737518
19.530855,10.58,18.807854,10.528561,18.744035417674805,10.523562719371332
19.459242,10.58,18.66095,10.510518,18.630384298468016,10.521729164638069
19.432777,10.58,18.67697,10.489124,18.551797405031362,10.514352651801326
19.375175,10.58,18.716253,10.495633,18.508827010482236,10.50963539552688
19.312124,10.58,18.341063,10.509715,18.387003595485552,10.50929311526038
19.27554,10.58,18.293938,10.52332,18.28293682763778,10.512612197742648
19.213268,10.58,18.399109,10.540066,18.23397710525458,10.51985185333948
19.15411,10.58,18.25695,10.546723,18.16700688705628,10.527716324545953
19.120638,10.58,17.942265,10.562603,18.038753381342786,10.538406101531283
19.057589,10.58,17.566002,10.595867,17.841974215253735,10.555925704259865
19.001543,10.58,17.476606,10.599454,17.662652517757504,10.571339145926354
18.970407,10.58,17.47301,10.601712,17.522105488590583,10.584395109903937
18.908134,10.58,17.472925,10.588287,17.41638135652941,10.591195917812055
18.839636,10.58,17.36104,10.612556,17.311220367132723,10.602450261940179
18.814726,10.58,17.215263,10.60574,17.19735932880744,10.609370144971374
18.750898,10.58,17.360031,10.575034,17.15177892815792,10.606317126242658
18.689404,10.58,17.452036,10.617288,17.150160646332527,10.613902555208906
18.658268,10.58,17.389,10.610742,17.144093669169596,10.617924846073407
18.595995,10.58,17.36875,10.607302,17.143733021864797,10.619720804578632
18.53528,10.58,17.398693,10.635948,17.159941001893515,10.628056791930561
18.503366,10.58,17.505306,10.610839,17.208952919940845,10.627955186423936
18.437202,10.58,17.630157,10.635944,17.289175937079897,10.633783560430913
18.372595,10.58,17.553883,10.64121,17.34160417948779,10.639547810668805
18.346128,10.58,17.42914,10.66411,17.355888015761085,10.64985450300259
18.283857,10.58,17.34,10.634602,17.34595760276796,10.650303421391635
18.216915,10.58,17.359703,10.650914,17.343542862949832,10.654294792976424
18.191227,10.58,17.380278,10.654662,17.347757493847013,10.658092608198126
18.128956,10.58,17.47156,10.651852,17.375977035247626,10.66003149717381
18.062012,10.58,17.800186,10.622199,17.486381570022946,10.653399572546908
18.032433,10.58,17.792772,10.6318035,17.578055627595777,10.64981180301248
17.969383,10.58,17.68985,10.631705,17.62712478604788,10.646443862144842
17.907888,10.58,17.951979,10.632605,17.734287844107545,10.643624678822334
17.877531,10.58,17.862398,10.635897,17.798399174952728,10.641979107307058
17.817595,10.58,17.73349,10.656322,17.814524820501095,10.645867843429011
17.756102,10.58,17.65569,10.633465,17.802988229363855,10.643168466755586
17.725744,10.58,17.711355,10.616076,17.803353451439694,10.636257170714133
17.661137,10.58,17.657164,10.629377,17.78592426840125,10.633852660119533
17.622215,10.58,17.511486,10.641642,17.730028443489434,10.63510981088818
17.568506,10.58,17.523151,10.617408,17.683389865518304,10.629955966407223
17.50312,10.58,17.315763,10.633139,17.588580666984424,10.629778029217025
17.46498,10.58,17.434845,10.626981,17.53918576184646,10.62816640678827
17.412827,10.58,17.507847,10.627852,17.517768770399318,10.627158218008148
17.351332,10.58,17.481195,10.6365185,17.49460241755198,10.628705065699213
17.315525,10.58,17.268677,10.633817,17.42143363693004,10.629441856260105
17.257145,10.58,17.327318,10.620808,17.37684206386086,10.626754324749683
17.194096,10.58,17.252718,10.633562,17.32250426517717,10.62787397888752
17.16296,10.58,17.035616,10.64196,17.222945842016003,10.631114465380975
17.100687,10.58,17.016823,10.62835,17.13729523442347,10.630367977940928
17.039194,10.58,16.979313,10.654735,17.05959572855847,10.636634567340273
17.007278,10.58,16.752834,10.670085,16.93992717552152,10.645970877506539
16.940336,10.58,16.57445,10.675317,16.797722130522615,10.655161332167033
16.882734,10.58,16.525913,10.6886425,16.671415723316258,10.666207217913906
16.852377,10.58,16.535719,10.706633,16.575089642972067,10.679930288488205
16.78777,10.58,16.399446,10.712715,16.466810367184944,10.692682831511318
16.722383,10.58,16.392014,10.704559,16.382298045944832,10.7007409411778
16.696697,10.58,16.372768,10.7353325,16.315216683888405,10.714882378774032
16.634424,10.58,16.30295,10.719219,16.249632012551587,10.721902777314599
16.572931,10.58,16.434446,10.71213,16.237603679686636,10.725132387380702
16.54024,10.58,16.373129,10.7228985,16.22025944748399,10.729832612693233
16.467848,10.58,16.147038,10.748089,16.154234910865423,10.739621402908607
16.417252,10.58,16.101475,10.758399,16.09328141449051,10.749871907763103
16.384558,10.58,16.114933,10.774215,16.052090301404146,10.76190462712464
16.311388,10.58,16.035728,10.779288,16.00337979880527,10.77259171869438
16.260014,10.58,15.969099,10.768845,15.951229542884988,10.778013680987517
16.19852,10.58,15.848339,10.717086,15.881835006723719,10.768139074040235
16.161936,10.58,15.95012,10.733394,15.855889628777692,10.763144966052993
16.105112,10.58,15.74886,10.730353,15.787747786164527,10.757517969808664
16.040504,10.58,15.7298155,10.699963,15.730942742148162,10.74437489358028
16.007034,10.58,15.833738,10.704296,15.716100509659741,10.734092293246903
15.950211,10.58,15.6558,10.692738,15.6631546633236,10.722330992349429
15.881711,10.58,15.553974,10.647846,15.597151405818709,10.700773727907718
15.85291,10.58,15.657185,10.666413,15.5737125035376,10.687668634025622
15.79453,10.58,15.492917,10.652148,15.516676426607797,10.673443420700414
15.729923,10.58,15.344139,10.611339,15.434750455019731,10.651451891018654
15.69723,10.58,15.406808,10.628179,15.38713153280226,10.638067172819733
15.632623,10.58,15.163331,10.634716,15.289081526801622,10.62950902409496
15.573464,10.58,14.960842,10.648827,15.158903172414098,10.62707546529625
15.544664,10.58,15.0391035,10.64621,15.07558780806527,10.625430014552679
15.48239,10.58,14.866394,10.669031,14.967507049587901,10.630977649603341
15.4208975,10.58,14.757942,10.667959,14.855442961476863,10.636257877040682
15.388206,10.58,14.821685,10.665082,14.78557834943273,10.640624618698466
15.327491,10.58,14.812766,10.662193,14.733029676512455,10.644035195476933
15.26366,10.58,14.726536,10.697059,14.674743058461509,10.656364385280256
15.232525,10.58,14.677996,10.688825,14.620994372092245,10.66488350397144
15.169474,10.58,14.728051,10.682719,14.596565733382896,10.670500701635401
15.10331,10.58,14.663429,10.713705,14.566686335319577,10.683217604373562
15.077621,10.58,14.609333,10.711624,14.534196264454742,10.693238911679686
15.016908,10.58,14.651341,10.702246,14.524064257655024,10.698896757172205
14.953856,10.58,14.58645,10.720921,14.504512791889391,10.708085308574502
14.922722,10.58,14.559002,10.71622,14.486046947408418,10.714137254284923
14.858892,10.58,14.603478,10.718816,14.4868351236717,10.719366012857357
14.784944,10.58,14.48405,10.762124,14.460687971967705,10.734525678439274
14.764706,10.58,14.462478,10.787576,14.436634431473609,10.753435913253838
14.70399,10.58,14.493343,10.770328,14.427927296880696,10.7642083612563
14.643275,10.58,14.448838,10.740918,14.412378690544532,10.764714500654259
14.6113615,10.58,14.528593,10.67483,14.423138928023263,10.746901745064314
14.542861,10.58,14.57267,10.674423,14.44665966173073,10.730867806673414
14.485259,10.58,14.539711,10.692912,14.46026274648914,10.721686901519911
14.452566,10.58,14.552026,10.69946,14.476582785198717,10.715510738669941
14.387181,10.58,14.568242,10.647463,14.495775409270456,10.696742358968606
14.330358,10.58,14.598802,10.646446,14.520724075315856,10.680719300522526
14.3,10.58,14.600306,10.64497,14.542546440218727,10.667180723235731
14.3,10.58,14.535168,10.701254,14.543861811684424,10.671036535907339
14.3,10.676126,14.450799,10.733176,14.52244953593265,10.683388943500258
14.3,10.737582,14.35533,10.815556,14.47892876694557,10.715956456878562
14.3,10.7943125,14.36027,10.833724,14.443322366351133,10.748588942819312
14.3,10.833708,14.251311,10.9086895,14.385353313421517,10.795557355329294
14.3,10.8951645,14.0888,11.152078,14.29491032248872,10.89820826740222
14.3,10.950318,14.110622,11.13487,14.225885741010476,10.979291740196508
14.3,10.990502,14.176356,11.172889,14.187649987214243,11.05510012500465
14.3,11.052747,14.114026,11.368926,14.142683072220931,11.166857549499378
14.3,11.106325,14.139132,11.441157,14.114928083996045,11.276051482338476
14.3,11.147297,14.137635,11.5180025,14.094966060937905,11.383137040315201
14.3,11.209541,14.111363,11.578738,14.07499499459288,11.483292736578761
14.3,11.267847,14.076453,11.675214,14.052517438667136,11.586155153641855
14.3,11.304879,14.112141,11.68108,14.046161259292619,11.667090657584966
14.3,11.3687,14.114988,11.766266,14.044746463655153,11.749674712007973
14.3,11.4191265,14.103757,11.826803,14.043465891970309,11.827134562548665
14.3,11.463249,14.128252,11.852905,14.051239109204142,11.891159350613519
14.3,11.534162,14.163348,11.878677,14.069113207314983,11.943716498542178
14.3,11.572769,14.146371,11.959213,14.081500896117761,12.001086050827105
14.3,11.620044,14.197914,12.175527,14.106615186007728,12.098386064667297
14.3,11.699623,14.19913,12.240697,14.128992791368324,12.190253943091205
14.3,11.729564,14.172882,12.306982,14.141357902534605,12.277374595678037
14.3,11.7792015,14.138536,12.372067,14.142726843040908,12.359874333099215
14.3,11.848538,14.123974,12.390918,14.139771022606624,12.426207985373258
14.3,11.884782,14.139781,12.526765,14.141111718713603,12.509352530933175
14.3,11.935208,14.181171,12.233723,14.152868239080341,12.494850152432367
14.3,12.002181,14.179077,12.270277,14.162092715695866,12.48365480534561
14.3,12.040789,14.18348,12.233312,14.170709940293381,12.457523158488652
14.3,12.0959425,14.141681,12.422513,14.166641607874945,12.479050943397326
14.3,12.1621275,14.142365,12.457759,14.162856098925136,12.501990874560532
14.3,12.197583,14.173746,12.399839,14.167473673966596,12.502098154858782
14.3,12.250373,14.19823,12.269286,14.17752432926971,12.464126999569173
14.3,12.314194,14.227208,12.164864,14.193317554197899,12.401299966814655
14.3,12.381166,14.235732,12.168206,14.208513563587042,12.346678743598762
14.3,12.407955,14.2813225,12.10788,14.232699291219612,12.283706717310851
14.3,12.470988,14.278923,12.2086115,14.251805864952656,12.256760569451618
14.3,12.537961,14.251026,12.264981,14.25967038032422,12.249738347951528
14.3,12.565537,14.288852,12.143817,14.275032956670215,12.21347102801266
14.3,12.629358,14.303399,12.142085,14.290713607788133,12.183552325118194
14.3,12.691604,14.304765,12.287655,14.303140619804926,12.197903617243892
14.3,12.74203,14.27453,12.422683,14.30448053796794,12.247243316089998
14.3,12.786153,14.21285,12.577838,14.28819887691756,12.330980962719757
14.3,12.849974,14.333598,12.781628,14.304833872842535,12.455582260551385
14.3,12.898037,14.306135,13.038267,14.311049468200403,12.627223434796312
14.3,12.944524,14.243416,13.014479,14.299060073541247,12.763587934565622
14.3,13.008345,14.312411,13.102616,14.306097302825165,12.896991525298535
14.3,13.065074,14.343189,13.206862,14.319581833596187,13.03067816117208
14.3,13.101318,14.331861,13.313018,14.327488808529397,13.163941286025075
14.3,13.1643505,14.287773,13.296133,14.32197511225285,13.263693196947987
14.3,13.209262,14.274796,13.335595,14.31319615287822,13.348935246072404
14.3,13.261264,14.198812,13.625789,14.285377241719903,13.487228514450498
14.3,13.327449,14.21094,13.926751,14.264671437406262,13.67336093085951
14.3,13.365269,14.15489,14.148492,14.232663179597429,13.87853878111846
14.3,13.418058,14.186607,14.31983,14.214320296281853,14.085248457056482
14.3,13.448787,14.162543,14.186391,14.193417020339652,14.212076758998991
14.3,13.519699,14.006997,14.086259,14.13613824638024,14.278601868939306
14.3,13.574853,14.047069,13.922739,14.099338278639038,14.277612029523969
14.3,13.606369,14.043106,13.861029,14.069111338657958,14.24711313459923
14.3,13.676494,14.012383,13.991467,14.037755323740836,14.243835794647461
14.3,13.7316475,14.062544,14.124821,14.02672839304885,14.26656682710911
14.3,13.793104,14.1612015,13.984087,14.04574404376604,14.241128335473375
14.3,13.8325,14.195647,13.899745,14.073230029702568,14.19041588793072
14.3,13.893169,14.135974,13.933554,14.082642173671124,14.150620861679549
14.3,13.953838,14.180056,14.200323,14.103165024620788,14.18260314594566
14.3,13.988506,14.230774,14.34259,14.134534782295523,14.244089413453604
14.3,14.0476,14.127181,14.328633,14.134331152949642,14.289644570900334
14.3,14.10433,14.129509,14.447944,14.134514323344275,14.355974170417598
14.3,14.144513,14.174606,14.667773,14.146243404245906,14.465955804314657
14.3,14.208334,14.248238,14.604769,14.175240738003703,14.53848460602534
14.3,14.261125,14.158519,14.690793,14.176017359686982,14.617088120201938
14.3,14.2989435,14.116826,14.678253,14.165022071108767,14.674704264862468
14.3,14.361977,14.177803,14.867057,14.170984246520804,14.766742597159285
14.3,14.418706,14.313186,14.748608,14.211032471974326,14.807625780497588
14.3,14.456528,14.257589,14.946252,14.23001037189877,14.887209969323461
14.3,14.521135,14.286908,15.089759,14.252750878742651,14.98576966342981
14.3,14.574713,14.303253,15.149509,14.275132787783066,15.07818350813457
14.3,14.614108,14.3330345,15.205682,14.300529360206074,15.16386712516838
14.3,14.681081,14.359532,15.219457,14.327463106128862,15.232364609515407
14.3,14.728356,14.43316,15.139061,14.367832833070487,15.261452823250131
14.3,14.773267,14.391575,15.302909,14.389294636064733,15.321056193845292
14.3,14.837875,14.453757,15.349701,14.42148639186126,15.376613824616111
14.3,14.885149,14.470852,15.27718,14.450972871744378,15.397663710739353
14.3,14.930061,14.486523,15.354564,14.477612689517583,15.428805599121098
14.3,15.003338,14.441133,15.257042,14.48576998456821,15.423467776196969
14.3,15.041157,14.446845,15.212717,14.491572666087267,15.40154402029945
14.3,15.089219,14.4593315,15.19218,14.497403012573317,15.372724901698902
14.3,15.15698,14.500271,15.2621355,14.510945767545088,15.3627811786253
14.3,15.195587,14.5513,15.196522,14.533875286223386,15.33441974324539
14.3,15.245225,14.576235,15.200652,14.557998608347404,15.309249817928912
14.3,15.316927,14.585244,15.2417965,14.578872826778484,15.297237068833093
14.3,15.354746,14.526702,15.3158,14.5792364849478,15.305573646269112
14.3,15.402808,14.532212,15.291323,14.578926021525627,15.305727459134895
14.3,15.46978,14.518258,15.268111,14.573254310248624,15.299221110382033
14.3,15.506813,14.521477,15.273809,14.567792273085344,15.294708684937458
14.3,15.559603,14.50055,15.280713,14.556508445452945,15.29237656674291
14.3,15.631302,14.433135,15.361411,14.528403916711865,15.311296030373448
14.3,15.6667595,14.417934,15.443048,14.500010094178066,15.34853274219607
14.3,15.717974,14.356705,15.475846,14.459879998787674,15.388242339375319
14.3,15.786521,14.355899,15.304933,14.426061658445597,15.376272780484838
14.3,15.819613,14.337114,15.340405,14.393475642618514,15.373960263963092
14.3,15.876344,14.318886,15.345847,14.362475661954065,15.372384596926977
14.3,15.935438,14.277508,15.370943,14.327087980797861,15.376759553017063
14.3,15.974833,14.290543,15.457917,14.302449843338428,15.402498197547434
14.3,16.03235,14.27107,15.507167,14.278703928813476,15.436511496593157
14.3,16.100111,14.254335,15.531831,14.256497108384663,15.470797029113172
14.3,16.131626,14.122855,15.784843,14.205648663777497,15.56459264016554
14.3,16.209631,14.137905,15.843683,14.168840498224297,15.657718058882889
14.3,16.253754,14.0915165,15.998641,14.128339462804488,15.774151024101169
14.3,16.31521,14.142501,16.034685,14.11033277160568,15.87820283705871
14.3,16.36485,14.128935,16.071814,14.094723050861406,15.970778771304374
14.3,16.412123,14.203176,16.038572,14.10391063445854,16.03435579447271
14.3,16.484612,14.183605,16.12497,14.109397662953823,16.10405891447283
14.3,16.524008,14.192967,16.018763,14.118749687341944,16.128591768165148
14.3,16.568918,14.196206,16.103363,14.129356600849157,16.164601893421672
14.3,16.637466,14.200233,15.963017,14.140813359141498,16.15216780419983
14.3,16.675285,14.157142,16.1673,14.14029774254489,16.189102164959788
14.3,16.725712,14.1237,16.213514,14.131824362744583,16.227624021292602
14.3,16.789534,14.115917,16.034132,14.123219170071618,16.208654433252722
14.3,16.832869,14.140148,16.11542,14.122915029772509,16.209179057895035
14.3,16.88487,14.1095085,16.196205,14.115345089489136,16.227076164172026
14.3,16.952631,14.116429,16.069292,14.111337966691417,16.205940667573515
14.3,16.99439,14.121993,16.174335,14.110027872125332,16.212529772552504
14.3,17.041666,14.100902,16.270052,14.104007819370905,16.240944239875475
14.3,17.10391,14.069031,16.159891,14.091112288633752,16.23426091056367
14.3,17.143307,14.061221,16.296368,14.07869723426912,16.262133869469597
14.3,17.200035,14.041645,16.394798,14.06373894582329,16.3097628332712
14.3,17.231552,14.019691,16.423018,14.046103247505467,16.355587467698165
14.3,17.301676,14.057139,16.521307,14.041848468072654,16.417715480045228
14.3,17.35683,14.060693,16.612242,14.04022206642607,16.491353726999005
14.3,17.418287,14.07853,16.975098,14.044469356355084,16.645225252322373
14.3,17.456894,14.148263,17.248016,14.067140366476497,16.84288855578166
14.3,17.512836,14.140787,17.305397,14.085050514216775,17.019460438814967
14.3,17.574293,14.177324,17.501102,14.109971097664465,17.21202302535868
14.3,17.610538,14.286464,17.607876,14.159490995847538,17.393275615812154
14.3,17.674358,14.299621,17.692303,14.204387726829635,17.557471168298044
14.3,17.731089,14.288868,17.80947,14.238400858721654,17.71455805205511
14.3,17.766544,14.299747,17.763718,14.268307770761478,17.822281200502875
14.3,17.846123,14.332044,17.83854,14.300047522765158,17.919154585658525
14.3,17.883944,14.317481,17.96985,14.320915973386626,18.021929820130218
14.3,17.927279,14.247993,18.01898,14.318037907036077,18.108683067602463
14.3,17.992674,14.24585,18.118092,14.312659519742708,18.195218354857957
14.3,18.040737,14.228207,18.214548,14.301507905618129,18.281382132773167
14.3,18.081709,14.186779,18.308865,14.27962629330213,18.3671078043603
14.3,18.144741,14.177618,18.406359,14.257500558969845,18.453670537155713
14.3,18.196745,14.184751,18.518656,14.239951115586152,18.545140458899386
14.3,18.238503,14.200407,18.44804,14.228958347528994,18.59323142466613
14.3,18.301537,14.200828,18.470812,14.219851059440522,18.629124720314245
14.3,18.355902,14.211016,18.583433,14.215055430738964,18.67898597390948
14.3,18.396873,14.183423,18.672861,14.204146541912104,18.735515322283796
14.3,18.474089,14.107308,18.72191,14.175399643031978,18.787681627208812
14.3,18.507969,14.138951,18.83898,14.159818452515909,18.854282318305177
14.3,18.556032,14.105072,18.93159,14.138653024037785,18.92709220585722
14.3,18.627731,14.094649,18.846415,14.119004491008907,18.958785793491455
14.3,18.663187,14.111917,18.869429,14.108067762405456,18.983891929776238
14.3,18.717554,14.0748415,18.777777,14.090447731310201,18.97408394377307
14.3,18.780586,14.078407,18.749847,14.077764765491855,18.951994760412425
14.3,18.819195,14.054351,18.802761,14.062134046095276,18.9417378571812
14.3,18.868834,14.041969,18.85106,14.047053341949942,18.941443044383107
14.3,18.939745,14.011642,18.820219,14.027792659740518,18.92969088723201
14.3,18.977564,14.05966,19.059616,14.025494347145521,18.979368802070905
14.3,19.03587,14.099147,18.997866,14.03542974962967,19.003009348351558
14.3,19.091024,14.053928,19.09274,14.033399730352114,19.045068865752164
14.3,19.129631,14.067066,19.141235,14.036122848579076,19.090642856373382
14.3,19.184786,14.06866,19.219042,14.039740093586456,19.146585343944977
14.3,19.248606,14.0931835,19.144989,14.049932785218866,19.17133855103909
14.3,19.296669,14.150472,19.193687,14.07409622340973,19.201337064450378
14.3,19.342367,14.137895,19.234602,14.091593097581375,19.23389445525388
14.3,19.405401,14.110705,19.361883,14.099190909128046,19.291235048686385
14.3,19.44716,14.135447,19.476126,14.111711694315389,19.366162343904055
14.3,19.499163,14.183754,19.39275,14.134497560229619,19.403943701271654
14.3,19.56377,14.180371,19.475931,14.152337494751128,19.453160082338638
14.3,19.598438,14.165428,19.55358,14.162687094288694,19.510682314837528
14.3,19.67723,14.065033,19.820877,14.144198960028877,19.624678029271823
14.3,19.720566,14.024197,19.91734,14.116827338088338,19.741632426199672
14.3,19.75287,13.92753,20.173054,14.067785259418873,19.901605085783665
14.3,19.834024,13.834544,20.42136,14.001867640231374,20.095096996182814
14.3,19.870268,13.847923,20.360294,13.950242980563328,20.234600572422384
14.3,19.910452,13.884965,20.363455,13.917858485209436,20.34330208530709
14.3,19.993183,13.8706455,20.294344,13.888931001095093,20.40630702090249
14.3,20.034943,13.867813,20.36634,13.866120633738417,20.467358569421332
14.3,20.09955,13.954497,20.418625,13.871991665364694,20.52223609463534
14.3,20.142887,13.978942,20.400646,13.885888044241982,20.554090329529902
14.3,20.194101,13.952865,20.472494,13.892913922081298,20.59049916064634
14.3,20.255558,13.863267,20.665985,13.876991531131614,20.663425715644088
14.3,20.298105,13.867189,20.86744,13.865728067127636,20.7700412568573
14.3,20.350895,13.85569,20.797113,13.85445910770854,20.83415682826566
14.3,20.41314,13.776011,20.923746,13.825358656306927,20.91318742324688
14.3,20.454899,13.683542,21.124592,13.777800123279073,21.024460158945395
14.3,20.510054,13.676012,21.072342,13.737080103087749,21.096844976719442
14.3,20.572298,13.628073,21.1052,13.692126135877942,21.15795766495846
14.3,20.615633,13.655157,21.22097,13.663537404759587,21.231327314447295
14.3,20.665272,13.88875,21.094564,13.703147607585274,21.252087705809544
14.3,20.73697,13.894744,21.122976,13.741105951169372,21.268793291926468
14.3,20.7677,14.075097,21.075214,13.822184276353736,21.263045759530037
14.3,20.82837,14.116001,21.00306,13.902483952130495,21.232723249084692
14.3,20.892979,14.050892,21.025475,13.952987767567478,21.207356411955335
14.3,20.922918,14.021634,21.099998,13.986408949347691,21.201105214127615
14.3,20.985952,14.080483,21.221806,14.027829666442837,21.224435870324342
14.3,21.041105,14.06911,21.141096,14.057476424204609,21.22047460706539
14.3,21.078138,13.946874,21.292135,14.047875788360429,21.253971637195143
14.3,21.138807,13.935823,21.365528,14.034014218452121,21.299362264828382
14.3,21.197113,13.968074,21.490656,14.028429956750683,21.3681352822359
14.3,21.23572,13.986385,21.425894,14.026771010377411,21.406718134441636
14.3,21.2956,13.996106,21.524418,14.026533904229066,21.461703623708253
14.3,21.357058,14.131834,21.569609,14.060661656037217,21.51653974442071
14.3,21.39409,14.183683,21.488184,14.10215649940716,21.5378039175433
14.3,21.453184,14.151742,21.508278,14.127592361786707,21.556855069074437
14.3,21.50755,14.137677,21.525032,14.143632959307471,21.573438804077647
14.3,21.548521,14.132891,21.686783,14.154001495532405,21.626101317377366
14.3,21.610765,14.1667595,21.619894,14.169700401437762,21.649851498493728
14.3,21.669071,14.192615,21.646929,14.187940577474851,21.673308666569035
14.3,21.706104,14.218102,21.678839,14.208254589330753,21.69796103375935
14.3,21.7715,14.095966,21.70949,14.191717853868859,21.723446185577753
14.3,21.819563,14.202108,21.710226,14.20356287063259,21.741926800763082
14.3,21.862898,14.143915,21.752184,14.197047534868451,21.765324739285962
14.3,21.936174,14.106732,21.761738,14.18047509522741,21.784599472449802
14.3,21.977144,14.034605,21.738195,14.146549063027075,21.791805269132716
14.3,22.021269,14.149079,21.747305,14.147104724196371,21.797448065924332
14.3,22.092968,14.003561,21.777996,14.109559936245411,21.807709948304655
14.3,22.13,14.012358,21.828531,14.080052326562845,21.827355165681045
14.3,22.13,13.949291,21.808163,14.039172236962331,21.836588005985078
14.273381,22.13,13.965885,21.848906,14.009858311852451,21.852963428715633
14.211477,22.13,13.830345,21.844831,13.9510921248752,21.863838414836557
14.17681,22.13,14.006006,21.772337,13.948952375810217,21.852194288344688
14.127287,22.13,13.968945,21.75763,13.93987870171,21.83668016345932
14.090764,22.13,13.855325,21.83195,13.904599123803084,21.841605722243166
14.052383,22.13,13.823923,21.795502,13.868439150094748,21.835347296372657
14.002859,22.13,13.958979,21.775629,13.875315246098099,21.823999304928986
13.965717,22.13,13.874757,21.745962,13.861598610076834,21.806004533665508
13.929193,22.13,13.87238,21.782022,13.851351441598185,21.79982926208433
13.877813,22.13,13.749742,21.794418,13.812539068916761,21.797823128572126
13.845004,22.13,13.674212,21.801924,13.761717136668503,21.7981719675822
13.796719,22.13,13.602263,21.786198,13.702010354777801,21.79446383590248
13.755243,22.13,13.657769,21.84656,13.668580460880762,21.8071826432652
13.723671,22.13,13.5515995,21.876062,13.615724523493284,21.825801432205857
13.680339,22.13,13.581996,21.843596,13.582161862751974,21.833000823621294
13.6308155,22.13,13.564033,21.81012,13.552669680691269,21.829976971723383
13.599863,22.13,13.6177225,21.850718,13.545353841159262,21.8375904125736
13.555911,22.13,13.54549,21.785316,13.523853675888468,21.82662610248185
13.531768,22.13,13.593566,21.805727,13.521368732533423,21.822273826528754
13.476672,22.13,13.615955,21.906796,13.528159635791734,21.84483721889998
13.43396,22.13,13.486356,21.92832,13.502679456982019,21.869510487426684
13.385674,22.13,13.46571,21.90857,13.47783525153273,21.884833986228273
13.355341,22.13,13.60411,21.88151,13.495188788697863,21.889992983192425
13.309531,22.13,13.460407,21.929453,13.474636875341785,21.906007526550038
13.254437,22.13,13.403486,21.897276,13.444032996312254,21.9103283846551
13.225962,22.13,13.487927,21.807264,13.44193763518417,21.88949383133866
13.185104,22.13,13.399263,21.782288,13.418985246279211,21.86441617588899
13.1318655,22.13,13.524861,21.710487,13.434098378412408,21.82397093520721
13.110818,22.13,13.611362,21.688501,13.471357255062843,21.78398818635352
13.057582,22.13,13.487411,21.714499,13.471864982132466,21.75757914728477
13.017962,22.13,13.52687,21.63377,13.483150165320504,21.715317908072606
12.982677,22.13,13.620238,21.54899,13.517568175486014,21.658810134516447
12.9381075,22.13,13.635257,21.630577,13.550862321388017,21.634172304384247
12.896011,22.13,13.5602865,21.619055,13.559105390287055,21.612824027505848
12.851439,22.13,13.588202,21.533222,13.572535353824106,21.57486229573335
12.814298,22.13,13.711641,21.369137,13.61531824738191,21.502337755602067
12.77406,22.13,13.622845,21.383066,13.627415156179765,21.44728822451919
12.740013,22.13,13.664538,21.23313,13.64707149684909,21.36497157635424
12.681822,22.13,13.627519,21.180399,13.652586931666642,21.285319795374313
12.647776,22.13,13.500841,21.375973,13.62259030146918,21.27356535498771
12.616204,22.13,13.4188385,21.338476,13.574322420021383,21.259019322543175
12.565442,22.13,13.271212,21.450174,13.494110994208539,21.28052111084429
12.527062,22.13,13.155964,21.567726,13.396175563789246,21.333646250222593
12.493015,22.13,13.13717,21.500553,13.309690985838916,21.364328559721397
12.435444,22.13,12.88288,21.669104,13.17271969042204,21.43627852063491
12.405729,22.13,12.759833,21.779877,13.028247357483592,21.527323672848905
12.367969,22.13,12.789329,21.699984,12.918924672100038,21.583401257598876
12.306064,22.13,12.649549,21.741426,12.79666086020331,21.640134989699355
12.278208,22.13,12.607538,21.76407,12.689716892326004,21.69185260821973
12.24416,22.13,12.582405,21.729198,12.600995545028686,21.72371581071028
12.192161,22.13,12.620314,21.689116,12.54465431088287,21.736986662787565
12.162446,22.13,12.4357,21.71317,12.457697284710648,21.751235613154023
12.12159,22.13,12.36819,21.800745,12.374977104736907,21.783185409438595
12.070209,22.13,12.456386,21.698597,12.336664841085923,21.780763726446537
12.039257,22.13,12.354843,21.828913,12.286428948523682,21.809874765601975
11.996542,22.13,12.437169,21.857784,12.2734675570588,21.839654948054466
11.94702,22.13,12.394405,21.865168,12.259009325897186,21.86427854349385
11.911114,22.13,12.335271,21.936193,12.238079021043422,21.901063512480963
11.873352,22.13,12.1984625,22.001476,12.190599680680554,21.946646621962177
11.82383,22.13,12.129376,22.02759,12.137775645293338,21.9892487784818
11.792878,22.13,12.151376,22.007156,12.104183829589557,22.016850285836178
11.738403,22.13,11.973298,22.033789,12.034644568224532,22.043825901626544
11.699402,22.13,11.984689,22.059898,11.983898406694886,22.070189422276858
11.670926,22.13,11.965507,22.04555,11.941431844211223,22.085517210656736
11.625116,22.13,11.908362,22.048683,11.896054626728668,22.096121910402122
11.580546,22.13,11.988637,22.035488,11.883989489889409,22.098683222570394
11.549593,22.13,11.995874,22.015982,11.88099126537393,22.093048190768844
11.487071,22.13,11.915467,21.993196,11.862177877094384,22.079968872381492
11.457356,22.13,11.949067,21.988295,11.859110872157547,22.06569156577264
11.426405,22.13,11.843379,22.015326,11.832681435086341,22.05923534154634
11.361406,22.13,11.633135,22.035358,11.758623292886643,22.058014327051612
11.3341675,22.13,11.52096,22.05732,11.669780102079987,22.061981179009916
11.278454,22.13,11.391806,22.0846,11.564681644507136,22.07186195010039
11.243787,22.13,11.308408,22.09722,11.458610017995811,22.082947973358596
11.197978,22.13,11.030222,22.086706,11.301783317845922,22.088937559296173
11.155264,22.13,11.039965,22.075926,11.178051796180057,22.090458571164387
11.120597,22.13,11.114698,22.046448,11.100881579855374,22.083319414640684
11.076646,22.13,11.104434,21.960484,11.041728219162556,22.05416219161741
11.030217,22.13,11.169941,21.940632,11.017564892721433,22.023836363612663
10.998646,22.13,11.073466,21.970213,10.980359722100966,22.005969146807555
10.955314,22.13,11.0224495,21.993881,10.943123502707813,21.997582895789442
10.907647,22.13,10.9746275,21.990524,10.906169644320247,21.9903687777072
10.876695,22.13,10.887718,22.024113,10.85879118615291,21.993824353362864
10.832743,22.13,10.773918,22.028704,10.795165313916923,21.99874082156223
10.783838,22.13,10.637785,22.050482,10.711773046958095,22.00921571212385
10.753506,22.13,10.604039,22.070177,10.638512081475636,22.02368643640581
10.709554,22.13,10.57218,22.085531,10.574746402375935,22.04017494445908
10.64703,22.13,10.4902115,22.058456,10.506124827788467,22.04702150380463
10.630935,22.13,10.480568,22.065699,10.45230548380311,22.0544109731002
10.585745,22.13,10.481188,22.05681,10.413800087322315,22.057980119973916
10.539317,22.13,10.352334,22.030909,10.354272282673131,22.05380209397535
10.508365,22.13,10.324576,22.029467,10.302973092215467,22.049459210838833
10.460079,22.13,10.284391,22.054157,10.255408932388642,22.051935790273397
10.409318,22.13,10.131771,22.065014,10.181502369254165,22.0566878741357
10.376509,22.13,10.0105505,22.072199,10.093318858046832,22.06239581044823
10.33627,22.13,10.047294,22.089441,10.034603601663504,22.071495067439653
10.295414,22.13,9.951332,22.08954,9.966641794140592,22.07893193575987
10.263843,22.13,9.806399,22.13725,9.87797523836761,22.097302019300457
10.210605,22.13,9.86309,22.148354,9.824546521088624,22.115308232557368
10.171605,22.13,9.8471365,22.150486,9.782393471490995,22.130435958392436
10.132606,22.13,9.794468,22.165838,9.739980638492176,22.146392999890498
10.0892725,22.13,9.780042,22.150406,9.706976343053935,22.154893831467803
10.049654,22.13,9.821534,22.170637,9.696250047411075,22.166287902860674
10.016226,22.13,9.72902,22.162458,9.668963953173002,22.172733804680085
9.966702,22.13,9.526341,22.138449,9.598147409598782,22.17082521039745
9.927084,22.13,9.51763,22.167252,9.54080198904535,22.175698627088142
9.892417,22.13,9.521454,22.156605,9.498552575991441,22.176191171371265
9.828656,22.13,9.421054,22.184978,9.441985775246792,22.183217627275837
9.801418,22.13,9.334207,22.195705,9.376700651224693,22.19127887932316
9.768609,22.13,9.349288,22.194311,9.330785983871246,22.197039072639196
9.711657,22.13,9.350057,22.198961,9.297783113917404,22.202404298034615
9.682562,22.13,9.351867,22.203386,9.27588775491781,22.207391473263446
9.6448,22.13,9.35956,22.192629,9.264645675054977,22.20810985968162
9.588468,22.13,9.323043,22.198322,9.250446069130524,22.209533449597817
9.560611,22.13,9.281536,22.181488,9.231900059891478,22.205754453214215
9.520991,22.13,9.325338,22.203411,9.231556529195434,22.20775997929958
9.467754,22.13,9.284118,22.178404,9.224134351902046,22.202538580836364
9.437421,22.13,9.20581,22.190214,9.200491679718958,22.200840772865348
9.392231,22.13,9.2088375,22.181921,9.184023747581838,22.197010834500254
9.347041,22.13,9.231951,22.184587,9.178854067907643,22.19429874170594
9.316089,22.13,9.209829,22.200401,9.171294865746347,22.19605512826298
9.268422,22.13,9.107479,22.204994,9.140443181428841,22.198719883046106
9.221375,22.13,9.089455,22.187225,9.111676891678211,22.196285482404335
9.19228,22.13,9.100538,22.203033,9.092471220948228,22.198270517313183
9.14709,22.13,9.05025,22.18698,9.06545221133771,22.195724087447637
9.098186,22.13,9.0350685,22.184553,9.04094261180522,22.192872981255825
9.067853,22.13,9.0174055,22.156235,9.017996591483264,22.183046233052135
9.025758,22.13,8.991348,22.167746,8.994214736244201,22.17776553542705
8.973758,22.13,8.940621,22.180107,8.963280637252183,22.176710499267987
8.947759,22.13,8.899987,22.140053,8.928940510244711,22.165593574286586
8.90133,22.13,8.780696,22.03899,8.871285603673359,22.12998767754586
8.851807,22.13,8.7309,22.04928,8.812202714406702,22.102879127880723
8.8264265,22.13,8.742195,21.908737,8.768388196031195,22.04406444351008
8.761427,22.13,8.689129,21.917421,8.721148993864036,21.997689146907877
8.729237,22.13,8.629224,22.000004,8.669368864370565,21.981931739899082
8.7038555,22.13,8.631591,22.05635,8.630197058479625,21.985713361576817
8.635761,22.13,8.538531,22.003572,8.576995296250603,21.977428090012044
8.60419,22.13,8.485304,21.980217,8.522308437572285,21.96620910404343
8.577571,22.13,8.508503,22.02714,8.48655472803001,21.970723811265714
